723
485
91
314
177
320
270
446
252
404
209
668
541
203
536
230
134
711
584
344
272
169
11
664
202
55
627
378
478
306
574
656
594
653
221
331
151
652
57
236
651
13
721
681
132
580
131
554
578
54
352
468
579
372
43
447
182
300
398
78
629
698
673
246
396
5
585
250
375
445
166
392
583
170
242
453
292
634
670
728
389
138
476
632
267
663
79
48
226
74
517
161
50
693
299
162
431
237
195
535
285
367
85
567
488
474
479
642
9
682
227
626
449
643
82
64
417
107
379
35
391
164
545
551
268
119
275
589
150
280
178
266
348
217
212
345
192
416
249
376
59
185
633
657
561
452
124
263
707
568
188
625
310
313
167
469
172
308
31
336
351
522
232
477
229
524
276
675
120
443
607
200
548
699
183
529
526
659
159
273
363
181
332
533
122
40
102
718
260
387
415
66
147
655
210
710
487
425
155
75
644
722
100
612
254
624
101
190
491
269
283
395
121
399
597
435
22
274
145
463
294
311
329
692
245
303
142
591
674
606
36
196
45
581
499
156
41
523
660
26
386
437
63
34
609
33
550
601
614
118
15
309
42
558
543
171
174
261
338
534
93
636
414
370
153
116
455
724
279
616
18
508
30
527
0
72
349
317
289
458
115
328
501
327
498
24
456
199
205
316
640
677
683
708
264
603
521
546
295
421
388
282
719
148
684
307
105
520
114
234
326
556
49
243
302
470
179
201
157
231
590
685
531
647
298
592
730
297
617
362
204
125
175
532
461
492
110
95
610
20
623
599
28
277
701
284
406
256
184
397
593
211
439
89
228
191
671
528
688
691
571
27
514
216
248
189
