1872
3250
3060
2633
901
85
1768
2650
1002
605
2075
784
1553
1027
3209
2472
2492
1004
524
3163
1927
1089
2096
2857
3061
1970
1451
2417
43
1109
1362
1415
2330
1255
509
1413
3199
469
2806
897
2336
1817
563
1245
1342
283
3111
1617
1986
3350
923
2249
1469
2568
364
2024
2208
3042
568
1548
2389
3389
809
2702
1570
326
1316
1846
1798
537
776
1117
1843
1317
541
1758
84
2367
25
12
2294
732
1204
2001
1738
3055
2035
1917
989
360
3356
2423
343
712
670
1807
1334
895
2694
1280
2136
446
3277
1519
457
2693
423
2497
803
2477
2995
1941
1693
914
1032
1340
1283
1912
2147
615
2617
3345
2537
439
319
2597
2243
3067
471
856
1284
2331
594
3036
511
1400
3318
2853
917
1464
1592
3152
1503
1066
198
627
1293
1720
646
1561
1189
3182
1188
854
1068
3113
2831
3282
2576
973
2613
1878
743
2710
189
1196
2404
1703
1606
2542
3388
1012
916
3324
1964
1824
2733
2494
3115
3079
3170
2190
611
1208
2305
420
1796
1014
2953
684
1170
80
527
3251
222
1456
1237
565
2187
1737
3005
1869
2569
597
613
1375
2511
729
2978
3077
2132
773
2424
2085
860
1987
33
1756
2303
45
661
2504
1638
2443
2902
244
1286
2522
707
2645
3276
2167
2968
3372
3092
2663
2804
2459
590
735
1416
2310
655
387
3020
1148
395
2703
1127
647
148
2746
305
1402
2380
2476
1082
2430
2028
1930
2911
1308
693
875
746
2759
2896
861
1566
2608
263
1728
2642
1729
2560
925
1065
2183
465
2731
667
618
835
2914
1224
2111
793
3168
1121
1424
3207
1933
3073
969
3370
2793
632
1391
1793
1630
2539
2571
2760
3058
730
137
1304
767
2540
2217
569
558
3129
1446
2802
207
1698
1371
2811
2308
3395
1256
2088
2229
303
1901
1107
807
1654
3259
252
2595
2141
2732
383
2306
1892
2343
380
1046
2526
2089
2708
2940
2801
188
1049
1003
2680
1461
2867
134
576
289
2117
2259
706
2307
902
2322
184
2265
1596
2717
2436
2356
909
846
2627
2210
2094
945
2447
2736
2834
1182
649
428
1813
1259
101
554
2281
736
2475
733
2877
2039
698
1445
2333
220
2740
758
3227
2311
3017
3150
2928
2906
658
2008
682
2232
704
547
1664
2669
2773
586
3091
2835
2282
257
2392
1954
15
2689
75
2441
3087
3261
553
1565
1701
275
2340
1708
918
1215
3008
820
1233
1226
3231
2123
2976
2179
1079
1394
2152
2351
2068
2850
775
2458
1864
574
1678
2598
235
2194
1344
2373
935
72
3215
204
742
3075
3019
3308
777
1588
957
2951
2014
1302
1725
1696
2057
1404
2527
2509
3211
206
3304
2237
2724
2609
476
1797
1533
2374
2635
2285
2371
2618
2493
2038
2126
2439
797
3332
2931
2391
1713
1268
929
709
2934
866
1748
1563
2349
966
1852
1732
315
1598
379
1422
251
3093
2930
2454
3027
3256
1006
2084
791
3136
2730
2485
2899
2534
3380
344
1074
2777
1315
1624
2451
1376
3314
2754
3287
242
2818
239
417
654
1327
3029
2144
1706
2377
720
1848
3191
228
1936
711
717
1702
3241
2309
179
418
3310
2369
800
591
3166
2288
1722
429
328
2484
493
1491
2588
804
2910
3006
680
2591
626
2849
823
1103
1499
882
3133
1715
2403
1207
1476
664
2396
2228
1213
2160
3120
671
714
2524
3122
208
431
1370
1967
748
3360
1019
1067
1833
528
1045
1781
2015
2324
3004
2370
2401
546
299
1247
368
1134
3147
236
1691
310
3062
1581
1863
602
86
1155
559
270
3237
2444
104
351
2807
814
601
2963
2971
112
1300
3368
1057
1050
501
2756
815
2678
3220
141
2245
3335
2556
2437
1035
852
1409
3107
1573
1511
1751
3083
1883
449
3125
2775
3038
1577
1765
2570
2685
1745
1412
3212
127
3013
2518
3217
94
103
1353
362
1845
972
3225
633
2054
2973
2182
335
440
3386
595
3189
1643
3342
2796
3059
2643
2093
1285
119
1310
353
2033
48
1373
949
314
1673
770
2081
2562
249
1932
577
2826
1309
216
1882
3106
1788
1395
336
2501
2646
265
1405
839
1266
2049
1599
3094
3070
1356
117
2753
769
2786
1199
1905
2816
937
2604
2460
3363
74
1636
1532
799
3021
3172
2162
279
2785
1428
689
1504
18
1253
2295
2573
2163
1313
1837
638
3140
2889
2055
2406
838
392
1335
1034
1411
2954
2553
2967
1619
2440
2448
4
3240
3028
1898
2007
905
723
2135
2124
3239
1681
822
1661
1295
956
1244
1156
200
841
1064
2066
318
2145
2803
853
2219
2429
1667
3278
2988
2506
1569
1440
1144
697
728
384
2335
2845
1762
190
993
3383
153
967
2927
759
419
2058
1397
2181
896
3202
196
3076
1016
976
1750
2362
1672
996
934
589
114
1999
2121
1185
108
1488
123
3143
805
1206
1580
3126
988
2125
3269
1785
3373
477
348
1582
167
1727
1290
2413
2862
1916
2933
1384
2095
116
118
984
1448
1926
1432
610
1609
2671
1414
221
2823
1736
1449
1887
1173
1929
3104
1458
1711
1804
1102
2668
3102
1773
1774
2952
3353
2220
58
645
2368
2638
518
818
2120
878
2547
2890
1191
129
1620
132
1815
2205
474
2929
2253
1094
3144
63
3177
227
1834
641
2776
1668
1810
2013
3303
1430
3321
2197
1559
1450
1586
237
1441
2683
1298
593
309
1351
834
2118
958
1605
1169
3229
176
2280
1423
2987
3204
2005
995
1179
1801
1778
884
354
1518
621
2325
3313
1262
2211
2653
122
1090
1123
2177
304
2903
952
2287
504
403
3135
2244
2102
1663
2083
1008
2445
673
373
1361
2319
1183
3132
2114
1203
616
3200
1275
850
1886
3088
463
2030
2813
1740
1436
2841
2153
2321
3392
21
1779
3285
779
1051
2545
584
1522
2583
1906
174
3131
994
792
243
447
497
202
1980
2718
381
2184
1957
2868
393
2234
2186
1084
28
110
2907
2714
2983
798
3099
1216
2042
1660
2828
1820
3263
2352
3023
1549
1903
2742
1167
2964
5
3174
2505
1036
1058
2546
3186
1291
498
2630
3238
3184
1071
2858
987
24
2235
3030
1087
2558
1975
2375
31
62
2098
1939
2069
3124
1995
164
1477
2300
2006
1567
3171
2221
991
971
2242
3052
1497
224
1099
317
402
256
466
1390
556
1337
1723
2820
3046
2886
2479
1459
1659
1042
1688
2358
2840
650
1945
2178
870
3096
1621
3343
2419
2348
1352
1587
813
1031
675
1962
266
215
3396
1166
982
2872
193
749
50
1827
1918
1387
906
350
2989
3167
2426
1855
2827
1853
3206
375
219
2109
977
2003
3371
1043
1993
2670
3365
502
3187
1790
26
1769
2070
401
683
785
332
2101
3270
1523
1420
1515
3391
426
2215
327
1306
2726
1318
3196
1077
13
1186
3009
975
3078
1015
1020
2433
3290
2247
2727
1700
352
1000
1707
2036
1509
1033
1234
1052
1822
3000
2614
3159
1399
3221
790
3266
1096
536
3155
648
2769
3048
961
3246
1733
1689
3081
2462
1770
1809
2116
903
1453
2044
1060
1473
2897
1644
1612
3235
643
2180
529
2634
1462
2720
2772
857
970
1780
346
120
2997
1029
30
292
1279
2488
2632
1860
2420
722
173
2291
2376
1653
1747
91
1479
2327
2277
2919
2748
2779
2061
1272
738
1294
2357
608
1205
1920
2151
452
585
52
1840
3100
858
926
2353
100
444
3358
234
483
2580
2715
2586
3016
1963
3157
2279
1710
3101
1078
2582
1482
2510
3349
515
1574
1176
1037
1717
2572
1366
399
978
2142
1694
433
410
308
421
560
2615
1324
388
2784
3309
1600
564
3219
2842
1633
2254
1867
1516
183
155
169
3201
2274
1403
500
2593
2879
2704
409
2129
891
701
2825
406
2864
1613
3123
1982
177
2051
2755
2298
2257
1299
1331
1341
1126
2970
630
2399
1908
7
3311
678
2091
294
1721
276
3015
1642
1578
1407
1800
1884
1116
1098
1260
1949
187
2276
1022
963
1971
1201
349
1866
2064
2323
1106
2366
3289
606
2238
2648
715
623
2048
1757
1496
2339
2626
3364
2887
756
1894
1269
157
2783
968
734
2737
2812
1831
2461
2076
3074
3264
1131
1597
603
229
56
1223
35
458
2750
1250
1483
142
1913
2060
3097
357
2400
152
981
2112
2905
3375
830
3302
253
3178
267
2794
1072
1009
1114
1408
159
1472
2809
3180
2438
11
1195
2555
2577
3295
668
3110
2883
370
98
2639
1859
2292
273
218
1676
1595
3033
356
2269
2087
681
1481
1380
2168
1379
1332
415
871
1489
1692
1527
1457
1338
827
716
2390
1075
1955
2456
2636
948
3010
2198
3352
2214
1095
1909
512
2790
3214
1471
427
3085
579
2735
2314
3233
796
156
81
2411
437
1193
307
691
1171
3024
1746
3366
2701
2226
2946
2848
3367
64
2616
1289
182
1083
450
2119
1187
1584
847
2687
2164
2833
1657
2012
1059
774
385
250
254
284
1544
3340
2865
3307
1011
2471
2688
209
2771
2062
3109
2156
840
3385
2992
2870
3317
1017
2455
1671
2002
3022
710
2363
1227
899
3381
951
278
1143
1680
628
1618
306
29
1652
0
2846
2612
2355
946
2176
1358
2271
1625
1041
245
718
1961
61
2345
1629
2908
772
1806
1364
1754
1386
1531
1805
296
573
535
1984
2821
663
372
2885
928
562
634
2745
3334
2150
2975
1178
1818
1486
1119
2465
1055
131
3242
2658
66
2874
2113
69
1485
1005
1228
1493
2316
1940
311
1973
2875
331
2884
2690
260
2405
2158
1959
3271
1674
1849
1529
1850
2659
478
600
778
921
1881
2548
1097
702
54
1138
2134
2530
725
20
1383
2266
2695
1047
2133
2233
831
312
2315
59
