1182
1404
921
952
320
35
970
1109
587
1120
76
392
456
42
1117
31
104
1196
732
579
261
1226
18
218
991
12
584
1299
1001
586
585
36
602
1193
666
1192
1377
61
706
167
263
739
1391
670
150
348
907
1195
1282
1052
873
1099
1415
891
1166
802
1319
697
1300
1235
597
853
1031
825
935
558
651
48
131
1073
611
858
449
429
628
580
928
822
800
772
1010
866
833
894
1058
615
448
1203
842
1242
1261
721
28
995
252
616
1228
1205
156
517
466
444
221
1145
996
258
171
1046
1123
811
266
630
421
13
458
1225
543
103
499
512
1357
1140
297
391
1292
1291
556
1336
1215
502
249
233
1169
69
1347
408
779
723
568
736
260
1029
1407
129
831
409
908
457
270
189
778
141
256
1337
161
314
1217
327
848
497
876
328
812
550
452
783
679
169
196
410
1087
729
564
43
356
203
155
1392
971
810
875
657
501
1313
154
226
188
708
84
1260
210
86
599
351
1005
352
97
302
1236
646
138
1271
748
1331
316
346
650
45
1127
674
307
972
204
860
1254
1168
914
1287
110
1202
1074
624
525
701
1370
437
1190
1054
185
119
1172
1118
163
306
1267
275
613
332
728
381
1401
1148
982
1338
33
1327
417
780
753
428
1139
529
917
838
1050
582
1040
486
782
1194
733
1234
1345
309
318
760
1265
938
78
5
1257
642
793
967
929
947
85
767
310
319
1306
388
1269
1025
1237
1284
1233
598
1297
1240
308
134
756
1039
758
72
1067
184
472
668
209
1373
1174
786
1413
145
136
476
178
130
1379
863
715
1175
524
1304
1360
394
66
240
246
81
120
644
274
1365
55
1018
835
807
1098
186
973
67
707
953
1115
956
206
1414
676
1170
216
911
1311
566
229
906
177
643
893
684
1388
761
974
1121
98
547
334
1245
282
923
367
704
856
969
257
741
83
682
304
1082
1397
610
235
569
172
1124
19
491
68
1259
946
945
20
777
1219
279
124
1009
714
433
854
250
228
40
278
336
95
1062
453
30
663
406
919
712
1187
317
1156
1142
7
903
623
1252
1078
944
1231
737
396
280
1353
553
1264
245
764
603
1021
15
1138
1262
909
647
890
1026
949
591
932
803
303
1209
680
1095
511
182
1350
1403
157
1047
1019
683
440
102
375
654
1157
785
289
65
44
797
212
776
523
128
980
773
1310
1012
198
966
1083
294
1342
1199
698
627
937
948
711
147
960
1163
1316
313
1317
152
427
985
883
840
385
200
1296
700
1325
878
614
50
300
1340
694
1352
865
431
373
299
376
1372
829
1307
384
251
1177
546
176
108
1378
1179
898
1106
930
600
742
362
244
418
267
109
399
1358
902
9
1146
1324
190
372
243
633
910
1213
112
201
1402
1069
164
847
510
507
1144
305
520
792
37
981
1386
1137
436
528
344
90
478
326
62
57
850
292
1326
462
387
861
21
1180
817
1351
814
1042
208
114
963
696
1000
626
52
151
41
734
1113
659
315
798
561
542
656
594
219
1286
1349
864
671
1064
291
828
1011
560
570
205
738
749
345
637
1015
1081
735
617
4
23
301
298
989
273
824
1131
620
27
689
1223
1114
882
925
175
1369
567
962
1079
166
368
463
1158
285
1119
54
117
887
173
123
692
10
541
239
548
162
395
905
223
895
965
100
1400
975
912
595
338
369
565
1376
1248
426
144
1256
590
0
904
195
79
469
490
1408
934
1399
1384
1321
393
277
1395
91
170
272
75
816
324
1057
1394
870
56
877
87
933
107
536
236
498
1201
705
1198
357
269
461
74
59
404
286
