336
614
453
892
1105
1009
228
263
266
1145
912
1060
517
969
134
704
713
556
1059
817
206
67
523
993
595
498
1026
172
221
689
875
1113
548
1055
1018
956
42
784
630
616
1004
437
418
98
711
864
394
138
743
198
161
643
543
229
469
702
746
356
561
1019
666
1071
13
345
737
376
204
497
306
240
541
656
150
167
433
97
103
249
440
690
178
85
1039
316
1046
417
45
513
372
524
245
930
163
1017
154
388
1148
935
633
580
1053
86
1118
1132
5
547
594
865
1029
156
177
362
873
1088
72
888
641
68
182
303
18
863
1052
184
876
670
196
375
395
210
553
776
1033
1090
1022
525
95
1117
1048
141
279
318
832
717
260
462
309
1087
621
566
688
1083
332
1100
964
844
188
963
894
373
664
289
84
877
683
278
745
908
528
472
307
891
119
399
765
292
1108
203
721
452
831
939
145
985
821
705
31
209
1103
659
294
542
282
384
838
694
171
585
396
922
129
200
972
1070
1137
252
828
50
934
987
628
1008
250
486
43
120
448
754
461
1062
431
512
648
529
567
936
457
326
598
991
226
35
834
367
692
492
244
786
490
109
861
719
478
558
794
960
310
603
9
782
733
157
1084
147
1036
65
190
243
668
714
7
992
732
131
749
164
427
710
582
235
676
409
1068
124
850
1124
847
176
314
90
835
57
40
1098
267
491
644
1078
381
130
110
571
33
1077
829
920
208
114
995
814
304
212
52
905
723
41
300
428
421
619
319
261
947
429
426
677
937
682
1014
274
779
796
317
449
1136
291
587
546
1032
48
1051
1097
700
536
569
1111
1006
246
1054
444
102
308
348
4
681
962
925
808
298
989
273
645
315
951
761
929
327
780
854
387
1076
313
902
66
175
55
637
28
647
166
392
787
275
456
586
344
839
285
54
117
328
21
890
123
257
590
961
1040
1128
239
36
162
368
320
270
883
591
1126
753
597
967
100
406
185
680
499
151
915
610
1042
882
338
369
887
1116
856
599
78
684
662
933
408
195
79
799
624
778
913
1073
984
657
760
748
91
170
272
346
75
919
1140
722
1094
980
169
505
56
1024
87
155
1027
898
697
236
725
655
458
1030
357
269
74
463
810
768
59
976
678
986
1011
617
788
11
982
476
280
227
1063
841
26
785
351
15
706
990
242
1099
1095
727
511
1050
653
811
379
397
667
807
879
1000
568
712
773
756
1142
685
107
698
353
1037
479
299
909
352
871
482
560
845
148
487
613
363
1001
1119
1081
813
237
631
1135
646
365
1147
742
1028
726
724
948
620
335
999
202
230
823
650
232
1002
132
1134
343
521
254
1072
283
775
82
64
565
798
966
691
870
674
378
804
121
1093
764
470
465
903
1125
671
374
1133
1047
957
483
