799
346
558
587
274
538
161
138
338
317
196
657
591
7
711
927
275
757
351
870
719
384
691
273
529
491
177
523
786
925
204
705
771
625
352
314
239
399
905
184
249
134
664
162
744
392
624
879
329
863
285
599
468
560
668
778
221
298
5
210
246
344
421
41
646
387
131
313
487
260
145
859
444
389
48
777
85
528
527
841
303
35
185
584
195
532
880
4
547
701
372
847
318
878
50
805
147
602
864
209
406
648
270
171
556
310
57
810
363
666
448
597
280
802
55
671
28
327
485
279
855
103
499
844
692
336
750
52
172
54
117
709
164
598
368
31
431
345
36
712
291
200
261
828
100
700
373
743
170
759
632
896
607
348
78
449
353
300
79
367
167
269
754
839
694
266
91
546
90
75
746
909
543
836
369
792
229
840
328
849
374
227
663
429
788
188
650
252
13
74
813
858
447
59
675
866
815
151
554
11
203
641
881
912
614
704
95
677
395
814
753
306
235
775
825
672
272
637
760
376
662
236
430
851
182
890
463
702
517
97
751
568
43
640
924
620
226
156
698
933
739
343
911
807
267
545
102
299
457
370
935
107
894
726
626
316
898
772
542
594
237
388
425
856
830
808
678
240
521
900
548
178
724
511
659
202
230
166
580
729
263
294
232
150
417
132
9
254
908
505
82
64
710
375
478
791
119
566
458
619
462
110
452
874
553
804
121
674
845
426
396
763
787
40
217
307
469
769
157
250
124
590
735
169
335
842
470
34
512
731
713
163
159
287
183
756
741
21
690
427
283
479
676
906
160
381
120
349
127
714
706
80
727
461
876
492
192
22
181
643
175
688
122
803
891
921
716
809
212
66
284
190
84
242
155
331
877
356
789
455
101
228
764
443
667
926
793
509
94
578
278
534
245
332
437
508
397
889
289
142
453
415
734
292
45
476
899
653
416
525
26
362
268
63
697
518
913
33
633
785
740
118
15
500
42
610
541
174
800
600
551
689
93
722
779
581
482
153
116
723
408
928
456
795
18
23
276
30
883
0
72
536
605
522
435
834
730
520
115
309
446
32
655
784
872
38
24
623
326
